22 0 0 24 0
26 0 0 27 0
25 0 0 11 0
23 0 0 8 0
21 0 0 2 0
24 0 0 26 0
11 0 0 8 0
27 0 0 2 0
25 0 0 23 0
22 0 0 21 0
27 0 0 8 0
26 0 0 11 0
24 0 0 2 0
22 0 0 23 0
25 0 0 21 0
26 0 0 8 0
27 0 0 23 0
22 0 0 2 0
11 0 0 21 0
24 0 0 25 0
26 0 0 23 0
24 0 0 21 0
25 0 0 8 0
22 0 0 27 0
11 0 0 2 0
27 0 0 25 0
23 0 0 21 0
26 0 0 2 0
22 0 0 11 0
24 0 0 8 0
22 0 0 26 0
11 0 0 23 0
8 0 0 21 0
24 0 0 27 0
25 0 0 2 0
24 0 0 11 0
22 0 0 8 0
27 0 0 21 0
23 0 0 2 0
26 0 0 25 0
24 0 0 23 0
27 0 0 11 0
22 0 0 25 0
26 0 0 21 0
8 0 0 2 0
