11 3 3 13 1
14 3 0 15 1
16 3 7 17 1
18 3 5 19 1
12 5 2 20 1
13 0 0 14 0
17 3 4 19 1
15 0 0 20 0
16 0 0 18 0
11 0 0 12 0
15 0 0 19 0
14 0 0 17 0
13 4 2 20 1
11 0 0 18 0
16 1 1 12 1
14 0 0 19 0
15 0 0 18 0
11 0 0 20 0
17 0 0 12 0
13 0 0 16 0
14 0 0 18 0
13 0 0 12 0
16 0 0 19 0
11 0 0 15 0
17 0 0 20 0
15 0 0 16 0
18 2 5 12 1
14 0 0 20 0
11 0 0 17 0
13 0 0 19 0
11 0 0 14 0
17 0 0 18 0
19 0 0 12 0
13 0 0 15 0
16 0 0 20 0
13 0 0 17 0
11 0 0 19 0
15 0 0 12 0
18 0 0 20 0
14 0 0 16 0
13 0 0 18 0
15 0 0 17 0
11 0 0 16 0
14 0 0 12 0
19 0 0 20 0
