11 ас Арсенал 0 1 0 0 25
2 ас МЮ 0 0 1 0 5
8 ал Атлетико 0 0 0 1 1
21 ал Монако 0 0 0 0 0
22 х МанСити 0 0 0 0 0
23 м Реал 0 0 0 0 0
24 х Бавария 0 0 0 0 0
25 нх БоруссияД 0 0 0 0 0
26 нм Ливерпуль 0 0 0 0 0
27 м ПСЖ 0 0 0 0 0
28 ас Зенит 0 0 0 0 0
29 ал Лейпциг 0 0 0 0 0
30 ал Лион 0 0 0 0 0
31 м БоруссияМ 0 0 0 0 0
32 ас Валенсия 0 0 0 0 0
33 х Наполи 0 0 0 0 0
34 нал ВэстХэм 0 0 0 0 0
35 нас Марсель 0 0 0 0 0
36 м Локомотив 0 0 0 0 0
37 х Лестер 0 0 0 0 0
38 м Интер 0 0 0 0 0
39 н Реал 0 0 0 0 0
40 ас Ливерпуль 0 0 0 0 0
41 ас Барселона 0 0 0 0 0
42 н Лейпциг 0 0 0 0 0
43 ал Арсенал 0 0 0 0 0
44 х МЮ 0 0 0 0 0
45 х Тоттенхэм 0 0 0 0 0
46 м Лион 0 0 0 0 0
47 ал БоруссияД 0 0 0 0 0
48 ал Бешикташ 0 0 0 0 0
49 ас ПСЖ 0 0 0 0 0
50 м Наполи 0 0 0 0 0
51 х Севилья 0 0 0 0 0
52 х Леверкузен 0 0 0 0 0
53 м АтлетикБ 0 0 0 0 0
