1 м Челси 2 10 1 0 19 2 12 0
2 а Ливерпуль 3 7 3 0 30 2 33 1
3 х Барселона 4 5 5 0 3 26 45 2
4 ас Ювентус 5 2 2 0 3 8 54 3
5 н Реал 3 3 1 0 3 12 12 4
6 х Бавария 2 5 5 0 11 1 11 5
7 м Боруссия 0 4 0 0 3 34 30 6
8 а МЮ 4 3 6 0 3 4 32 7
9 ас МанСити 6 2 8 0 13 0 22 8
10 н Челси 2 7 1 0 3 2 9 9
1 м Челси 2 10 1 0 19 2 12 10
2 а Ливерпуль 3 7 3 0 30 2 33 11
3 х Барселона 4 5 5 0 3 26 45 12
4 ас Ювентус 5 2 2 0 3 8 54 13
5 н Реал 3 3 1 0 3 12 12 14
6 х Бавария 2 5 5 0 11 1 11 15
7 м Боруссия 0 4 0 0 3 34 30 16
8 а МЮ 4 3 6 0 3 4 32 17
9 ас МанСити 6 2 8 0 13 0 22 18
10 н Челси 2 7 1 0 3 2 9 19
