1 м Челси 2 10 1 0 19 2 12 1
2 а Ливерпуль 3 7 3 0 30 2 33 2
3 х Барселона 4 5 5 0 3 26 45 3
4 ас Ювентус 5 2 2 0 3 8 54 4
5 н Реал 3 3 1 0 3 12 12 5
6 х Бавария 2 5 5 0 11 1 11 6
7 м Боруссия 0 4 0 0 3 34 30 7
8 а МЮ 4 3 6 0 3 4 32 8
9 ас МанСити 6 2 8 0 13 0 22 9
10 н Челси 2 7 1 0 3 2 9 10
1 м Челси 2 10 1 0 19 2 12 11
2 а Ливерпуль 3 7 3 0 30 2 33 12
3 х Барселона 4 5 5 0 3 26 45 13
4 ас Ювентус 5 2 2 0 3 8 54 14
5 н Реал 3 3 1 0 3 12 12 15
6 х Бавария 2 5 5 0 11 1 11 16
7 м Боруссия 0 4 0 0 3 34 30 17
8 а МЮ 4 3 6 0 3 4 32 18
9 ас МанСити 6 2 8 0 13 0 22 19
10 н Челси 2 7 1 0 3 2 9 20
