32 0 0 34 0
36 0 0 37 0
35 0 0 31 0
33 4 5 28 1
30 2 1 29 1
34 0 0 36 0
31 0 0 28 0
37 1 2 29 1
35 0 0 33 0
32 1 4 30 1
37 6 3 28 1
36 0 0 31 0
34 0 0 29 0
32 5 4 33 1
35 0 0 30 0
36 0 0 28 0
37 0 0 33 0
32 1 7 29 1
31 0 0 30 0
34 0 0 35 0
36 0 0 33 0
34 0 0 30 0
35 0 0 28 0
32 0 0 37 0
31 0 0 29 0
37 0 0 35 0
33 3 2 30 1
36 0 0 29 0
32 0 0 31 0
34 0 0 28 0
32 0 0 36 0
31 0 0 33 0
28 4 0 30 1
34 0 0 37 0
35 0 0 29 0
34 0 0 31 0
32 0 0 28 0
37 1 2 30 1
33 0 0 29 0
36 0 0 35 0
34 0 0 33 0
37 0 0 31 0
32 0 0 35 0
36 0 0 30 0
28 0 0 29 0
