14 0 0 16 0
18 0 0 20 0
15 0 0 17 0
11 0 0 5 0
1 0 0 9 0
14 0 0 16 0
18 0 0 20 0
15 0 0 17 0
11 0 0 5 0
1 0 0 9 0
14 0 0 16 0
18 0 0 20 0
15 0 0 17 0
11 0 0 5 0
1 0 0 9 0
14 0 0 16 0
18 0 0 20 0
15 0 0 17 0
11 0 0 5 0
1 0 0 9 0
14 0 0 16 0
18 0 0 20 0
15 0 0 17 0
11 0 0 5 0
1 0 0 9 0
14 0 0 16 0
18 0 0 20 0
15 0 0 17 0
11 0 0 5 0
1 0 0 9 0
14 0 0 16 0
18 0 0 20 0
15 0 0 17 0
11 0 0 5 0
1 0 0 9 0
14 0 0 16 0
18 0 0 20 0
15 0 0 17 0
11 0 0 5 0
1 0 0 9 0
14 0 0 16 0
18 0 0 20 0
15 0 0 17 0
11 0 0 5 0
1 0 0 9 0
