22 1 1 24 1
26 1 1 27 1
25 1 3 11 1
23 2 9 8 1
21 2 0 2 1
24 1 1 26 1
11 2 9 8 1
27 3 3 2 1
25 0 0 23 0
22 0 0 21 0
27 0 0 8 0
26 0 6 11 1
24 0 0 2 0
22 0 0 23 0
25 0 0 21 0
26 0 0 8 0
27 0 0 23 0
22 0 0 2 0
11 0 0 21 0
24 0 0 25 0
26 0 0 23 0
24 0 0 21 0
25 0 0 8 0
22 0 0 27 0
11 0 0 2 0
27 0 0 25 0
23 0 0 21 0
26 0 0 2 0
22 0 0 11 0
24 0 0 8 0
22 0 0 26 0
11 0 0 23 0
8 0 0 21 0
24 0 0 27 0
25 0 0 2 0
24 0 0 11 0
22 0 0 8 0
27 0 0 21 0
23 0 0 2 0
26 0 0 25 0
24 0 0 23 0
27 0 0 11 0
22 0 0 25 0
26 0 0 21 0
8 0 0 2 0
